,controversiality,parent_id,body,subreddit,id,score,subreddit_id
5630198,0,t3_3s8aje,removed,vincentli,cwuza12,1,t5_2un6l
